0,4.56704992222663e-10
0.0333333333333333,-1087.25581627127
0.0666666666666667,-1086.43393668406
0.1,-1084.98519625719
0.133333333333333,-1083.15722953693
0.166666666666667,-1080.68401743123
0.2,-1077.58586426477
0.233333333333333,-1073.85957544506
0.266666666666667,-1069.50337694204
0.3,-1064.51589524569
0.333333333333333,-1058.89670237887
0.366666666666667,-1052.64695726992
0.4,-1045.77027965109
0.433333333333333,-1038.27384660309
0.466666666666667,-1030.16907445678
0.5,-1021.47971093959
0.533333333333333,-1012.268945264
0.566666666666667,-1002.60780323718
0.6,-992.425166869498
0.633333333333333,-981.690572495625
0.666666666666667,-970.397033595743
0.7,-958.547409616188
0.733333333333333,-946.150962412323
0.766666666666667,-933.2145940478
0.8,-919.740880874125
0.833333333333333,-905.724602214386
0.866666666666667,-891.156458982841
0.9,-876.031160223019
0.933333333333333,-860.347305734562
0.966666666666667,-844.108624126232
1,-827.324617198219
