0,0
0.0333333333333333,4.04743509532944
0.0666666666666667,8.67664787573001
0.1,14.6711285118429
0.133333333333333,28.7640069413596
0.166666666666667,46.1680213659184
0.2,87.3303867243554
0.233333333333333,140.147242902658
0.266666666666667,203.30548848786
0.3,267.058527632608
0.333333333333333,323.20584887711
0.366666666666667,355.239811997646
0.4,363.627451660533
0.433333333333333,364.229717496866
0.466666666666667,365.140935492437
0.5,373.438353155769
0.533333333333333,389.705473270382
0.566666666666667,398.200660587566
0.6,388.618699709254
0.633333333333333,361.814184041421
0.666666666666667,319.15743629811
0.7,265.027681071807
0.733333333333333,203.330450088763
0.766666666666667,142.435939061323
0.8,89.3880489687507
0.833333333333333,42.4065885782884
0.866666666666667,12.289736678887
0.9,-9.34854049351074
0.933333333333333,-23.7553920271862
0.966666666666667,-33.7521669145744
1,-34.9666310597527
